0.0 199.0 8.0 276.0 59.0 292.0 
0.0 199.0 59.0 292.0 68.0 193.0 
0.0 199.0 68.0 193.0 92.0 122.0 29.0 146.0 
68.0 193.0 165.0 183.0 92.0 122.0 
68.0 193.0 59.0 292.0 117.0 282.0 
59.0 292.0 117.0 282.0 137.0 336.0 
8.0 276.0 59.0 292.0 44.0 329.0 
44.0 329.0 59.0 292.0 114.0 355.0 
59.0 292.0 114.0 355.0 144.0 362.0 137.0 336.0 
44.0 329.0 114.0 355.0 120.0 398.0 
44.0 329.0 39.0 367.0 120.0 398.0 
39.0 367.0 120.0 398.0 93.0 429.0 50.0 452.0 23.0 405.0 39.0 367.0 
50.0 452.0 93.0 429.0 80.0 496.0 
80.0 496.0 93.0 429.0 214.0 464.0 
80.0 496.0 214.0 464.0 163.0 512.0 
163.0 512.0 232.0 505.0 214.0 464.0 
93.0 429.0 214.0 464.0 184.0 424.0 
93.0 429.0 184.0 424.0 120.0 398.0 
184.0 424.0 120.0 398.0 114.0 355.0 144.0 362.0 
184.0 424.0 144.0 362.0 207.0 390.0 
144.0 362.0 207.0 390.0 188.0 343.0 117.0 282.0 137.0 336.0 
117.0 282.0 140.0 249.0 68.0 193.0 
68.0 193.0 140.0 249.0 202.0 238.0 
68.0 193.0 202.0 238.0 368.0 240.0 249.0 194.0 228.0 200.0 195.0 191.0 165.0 183.0 
165.0 183.0 195.0 191.0 161.0 139.0 
92.0 122.0 165.0 183.0 161.0 139.0 201.0 104.0 
195.0 191.0 161.0 139.0 201.0 104.0 
195.0 191.0 228.0 200.0 201.0 104.0 
188.0 343.0 140.0 249.0 117.0 282.0 
188.0 343.0 216.0 327.0 231.0 366.0 207.0 390.0 
140.0 249.0 216.0 327.0 188.0 343.0 
140.0 249.0 216.0 327.0 223.0 250.0 
140.0 249.0 223.0 250.0 268.0 258.0 335.0 246.0 368.0 240.0 202.0 238.0 
223.0 250.0 268.0 258.0 216.0 327.0 
216.0 327.0 330.0 364.0 268.0 258.0 
216.0 327.0 231.0 366.0 330.0 364.0 
268.0 258.0 330.0 364.0 320.0 281.0 397.0 257.0 335.0 246.0 
330.0 364.0 320.0 281.0 397.0 257.0 600.0 468.0 
207.0 390.0 231.0 366.0 334.0 425.0 
231.0 366.0 334.0 425.0 398.0 400.0 330.0 364.0 
214.0 464.0 320.0 480.0 207.0 390.0 184.0 424.0 
320.0 480.0 334.0 425.0 207.0 390.0 
398.0 400.0 507.0 385.0 330.0 364.0 
398.0 400.0 519.0 458.0 536.0 406.0 
334.0 425.0 433.0 465.0 519.0 458.0 398.0 400.0 
320.0 480.0 334.0 425.0 433.0 465.0 384.0 521.0 
214.0 464.0 320.0 480.0 313.0 532.0 232.0 505.0 
313.0 532.0 276.0 531.0 232.0 505.0 
313.0 532.0 384.0 521.0 320.0 480.0 
384.0 521.0 419.0 546.0 313.0 532.0 
419.0 546.0 433.0 465.0 384.0 521.0 
419.0 546.0 433.0 465.0 456.0 536.0 
456.0 536.0 522.0 507.0 589.0 455.0 519.0 458.0 
433.0 465.0 519.0 458.0 456.0 536.0 
519.0 458.0 589.0 455.0 536.0 406.0 543.0 438.0 
519.0 458.0 543.0 438.0 536.0 406.0 
398.0 400.0 507.0 385.0 536.0 406.0 
330.0 364.0 507.0 385.0 600.0 468.0 
537.0 317.0 507.0 385.0 600.0 468.0 
589.0 455.0 654.0 454.0 713.0 393.0 723.0 355.0 686.0 379.0 
589.0 455.0 686.0 379.0 616.0 360.0 
589.0 455.0 536.0 406.0 616.0 360.0 
536.0 406.0 616.0 360.0 507.0 385.0 
507.0 385.0 568.0 342.0 640.0 300.0 674.0 345.0 616.0 360.0 
507.0 385.0 537.0 317.0 616.0 255.0 568.0 342.0 
568.0 342.0 640.0 300.0 616.0 255.0 
640.0 300.0 676.0 290.0 730.0 196.0 616.0 255.0 
616.0 360.0 686.0 379.0 674.0 345.0 
686.0 379.0 674.0 345.0 700.0 320.0 723.0 355.0 
674.0 345.0 676.0 290.0 700.0 320.0 
674.0 345.0 676.0 290.0 640.0 300.0 
397.0 257.0 514.0 253.0 537.0 317.0 
397.0 257.0 537.0 317.0 600.0 468.0 
514.0 253.0 537.0 317.0 720.0 360.0 
537.0 317.0 616.0 255.0 720.0 360.0 
616.0 255.0 720.0 360.0 552.0 122.0 628.0 160.0 
514.0 253.0 720.0 360.0 552.0 122.0 515.0 193.0 
515.0 193.0 461.0 198.0 514.0 253.0 
461.0 198.0 514.0 253.0 397.0 257.0 432.0 243.0 
432.0 243.0 397.0 257.0 335.0 246.0 368.0 240.0 
323.0 182.0 368.0 240.0 375.0 222.0 
368.0 240.0 323.0 182.0 288.0 144.0 268.0 115.0 289.0 203.0 
289.0 203.0 270.0 199.0 268.0 115.0 
270.0 199.0 249.0 194.0 247.0 150.0 
368.0 240.0 289.0 203.0 270.0 199.0 249.0 194.0 
228.0 200.0 249.0 194.0 201.0 104.0 
270.0 199.0 247.0 150.0 268.0 115.0 
249.0 194.0 247.0 150.0 201.0 104.0 
247.0 150.0 268.0 115.0 277.0 86.0 318.0 55.0 247.0 84.0 
247.0 150.0 247.0 84.0 220.0 96.0 
247.0 150.0 220.0 96.0 247.0 84.0 318.0 55.0 525.0 174.0 377.0 6.0 304.0 0.0 247.0 32.0 201.0 104.0 
277.0 86.0 321.0 88.0 318.0 55.0 
277.0 86.0 321.0 88.0 318.0 55.0 
321.0 88.0 362.0 97.0 371.0 73.0 525.0 174.0 
321.0 88.0 318.0 55.0 525.0 174.0 
268.0 115.0 277.0 86.0 288.0 144.0 
288.0 144.0 277.0 86.0 321.0 88.0 
288.0 144.0 321.0 88.0 337.0 130.0 360.0 193.0 375.0 222.0 323.0 182.0 
337.0 130.0 368.0 119.0 362.0 97.0 321.0 88.0 
368.0 119.0 362.0 97.0 387.0 85.0 
362.0 97.0 387.0 85.0 371.0 73.0 
371.0 73.0 387.0 85.0 399.0 72.0 
371.0 73.0 525.0 174.0 563.0 171.0 
399.0 72.0 413.0 117.0 449.0 62.0 
413.0 117.0 368.0 119.0 387.0 85.0 399.0 72.0 
371.0 73.0 399.0 72.0 449.0 62.0 563.0 171.0 
563.0 171.0 377.0 6.0 525.0 174.0 
377.0 6.0 563.0 171.0 449.0 62.0 452.0 37.0 
449.0 62.0 475.0 88.0 452.0 37.0 
449.0 62.0 475.0 88.0 449.0 121.0 
449.0 121.0 429.0 138.0 413.0 117.0 449.0 62.0 
475.0 88.0 506.0 75.0 452.0 37.0 
452.0 37.0 491.0 46.0 506.0 75.0 
337.0 130.0 368.0 119.0 413.0 117.0 395.0 163.0 
395.0 163.0 429.0 138.0 413.0 117.0 
360.0 193.0 395.0 163.0 337.0 130.0 
375.0 222.0 368.0 240.0 429.0 184.0 395.0 163.0 
395.0 163.0 360.0 193.0 375.0 222.0 
429.0 184.0 467.0 147.0 395.0 163.0 
395.0 163.0 467.0 147.0 475.0 88.0 449.0 121.0 429.0 138.0 
368.0 240.0 432.0 243.0 461.0 198.0 
368.0 240.0 461.0 198.0 467.0 147.0 429.0 184.0 
467.0 147.0 494.0 125.0 475.0 88.0 
461.0 198.0 501.0 165.0 494.0 125.0 467.0 147.0 
475.0 88.0 506.0 75.0 494.0 125.0 
506.0 75.0 552.0 122.0 494.0 125.0 
632.0 62.0 685.0 84.0 616.0 255.0 628.0 160.0 
461.0 198.0 515.0 193.0 552.0 122.0 494.0 125.0 501.0 165.0 
506.0 75.0 552.0 122.0 632.0 62.0 
552.0 122.0 628.0 160.0 632.0 62.0 
616.0 255.0 730.0 196.0 685.0 84.0 
685.0 84.0 725.0 96.0 730.0 196.0 
