199.0 610.0 217.0 530.0 276.0 531.0 268.0 553.0 
267.0 583.0 294.0 553.0 313.0 532.0 268.0 553.0 
268.0 553.0 276.0 531.0 313.0 532.0 
294.0 553.0 337.0 575.0 384.0 597.0 419.0 546.0 313.0 532.0 
384.0 597.0 483.0 570.0 419.0 546.0 
419.0 546.0 483.0 570.0 456.0 536.0 
406.0 976.0 462.0 851.0 515.0 734.0 564.0 625.0 412.0 886.0 
385.0 911.0 400.0 1066.0 406.0 976.0 412.0 886.0 
400.0 1066.0 385.0 911.0 357.0 1013.0 
456.0 536.0 483.0 570.0 521.0 616.0 542.0 576.0 
456.0 536.0 542.0 576.0 477.0 527.0 
337.0 575.0 384.0 597.0 350.0 668.0 
350.0 668.0 384.0 597.0 373.0 679.0 376.0 775.0 385.0 911.0 357.0 1013.0 
384.0 597.0 406.0 705.0 376.0 775.0 373.0 679.0 
376.0 775.0 412.0 886.0 385.0 911.0 
376.0 775.0 412.0 886.0 406.0 705.0 
412.0 886.0 564.0 625.0 521.0 616.0 472.0 688.0 406.0 705.0 
406.0 705.0 472.0 688.0 521.0 616.0 
521.0 616.0 564.0 625.0 601.0 571.0 
601.0 571.0 631.0 676.0 564.0 625.0 
564.0 625.0 631.0 676.0 515.0 734.0 
515.0 734.0 594.0 784.0 631.0 676.0 
594.0 784.0 631.0 676.0 615.0 812.0 523.0 931.0 
523.0 931.0 594.0 784.0 462.0 851.0 
515.0 734.0 594.0 784.0 462.0 851.0 
515.0 734.0 594.0 784.0 462.0 851.0 
523.0 931.0 462.0 851.0 406.0 976.0 
357.0 1013.0 400.0 1066.0 360.0 1163.0 
400.0 1066.0 360.0 1163.0 413.0 1163.0 
